0.090000, 4267.111328, 0.000000, 0
0.191000, 4267.111328, 3.254992, 0
0.292000, 4267.111328, 8.135862, 0
0.393000, 4267.111328, 8.130211, 0
0.494000, 4267.111328, 9.744647, 0
0.595000, 4267.111328, 6.481013, 0
0.696000, 4267.111328, 29.095501, 0
0.797000, 4267.111328, 35.477165, 0
0.898000, 4267.111328, 38.671913, 0
0.999000, 4267.111328, 38.641510, 0
1.100000, 4267.111328, 38.702362, 0
1.201000, 4267.111328, 51.360500, 0
1.302000, 4267.111328, 44.870110, 0
1.403000, 4267.111328, 57.780563, 0
1.504000, 4267.111328, 82.427246, 0
1.605000, 4267.111328, 89.043480, 0
1.706000, 4267.111328, 108.124222, 0
1.807000, 4267.111328, 150.773010, 0
1.908000, 4267.111328, 173.769699, 0
2.009000, 4264.453613, 61.686749, 0
2.110000, 4254.915527, 339.239258, 0
2.211000, 4264.911621, 183.952103, 0
2.312000, 4269.312988, 179.649124, 0
2.413000, 4276.479004, 190.511627, 0
2.514000, 4285.339844, 191.625732, 0
2.615000, 4295.532715, 192.752945, 0
2.716000, 4305.728027, 153.011490, 0
2.817000, 4315.928711, 151.272720, 0
2.918000, 4326.130859, 238.933334, 0
3.019000, 4336.335937, 256.000000, 0
3.120000, 4346.545898, 274.474213, 0
3.221000, 4356.757324, 276.480011, 0
3.322000, 4366.971680, 295.384613, 0
3.423000, 4377.193359, 275.692322, 0
3.524000, 4387.412109, 306.242981, 0
3.625000, 4397.638184, 329.142853, 0
3.726000, 4407.863281, 375.779816, 0
3.827000, 4418.095703, 399.186432, 0
3.928000, 4424.309082, 369.311462, 0
4.029000, 4427.431641, 352.000000, 0
4.130000, 4433.141602, 363.354828, 0
4.231000, 4435.637695, 292.571442, 0
4.332000, 4435.850586, 261.019623, 0
4.433000, 4436.539062, 192.000000, 0
4.534000, 4431.695312, 91.022224, 0
4.635000, 4420.615234, -119.069771, 0
4.736000, 4407.614258, 0.000000, 0
4.837000, 4526.675781, 2182.736816, 0
4.938000, 4791.924316, 4005.646973, 0
5.039000, 5061.035645, 3868.444336, 0
5.140000, 5219.086914, 3200.000000, 0
5.241000, 5453.109375, 5188.266602, 0
5.342000, 5586.433594, 2730.666748, 0
5.443000, 5763.069336, 20480.000000, 0
5.544000, 5854.473145, 0.000000, 0
5.645000, 5980.906738, -4096.000000, 0
5.746000, 6119.189453, -6656.000000, 0
5.847000, 6224.170898, 3072.000000, 0
5.948000, 6314.290039, 0.000000, 0
6.049000, 6442.007812, -1706.666626, 0
6.150000, 6543.230957, 4096.000000, 0
6.251000, 6651.945313, -2048.000000, 0
6.352000, 6744.136230, -5120.000000, 0
6.453000, 6854.741699, -341.333344, 1
6.554000, 6936.008301, 455.111115, 0
6.655000, 7033.565918, 1582.545410, 0
6.756000, 7132.672363, 558.545471, 0
6.857000, 7240.219238, -630.153870, 0
6.958000, 7321.178223, -0.000000, 0
7.059000, 7424.137207, 877.714294, 0
7.160000, 7514.991699, 1389.714233, 0
7.261000, 7608.463867, 930.909119, 0
7.362000, 7700.392090, 704.000000, 0
7.463000, 7786.103027, 1325.176514, 0
7.564000, 7881.427734, 1536.000000, 0
7.665000, 7967.879395, 1365.333374, 0
7.766000, 8075.313477, 1024.000000, 0
7.867000, 8144.768555, 853.333313, 0
7.968000, 8221.064453, 1170.285767, 0
8.069000, 8320.659180, 1365.333374, 0
8.170000, 8412.455078, 1216.000000, 0
8.271000, 8494.253906, 1152.000000, 0
8.372000, 8570.438477, 1385.411743, 0
8.473000, 8653.158203, 1264.941162, 0
8.574000, 8737.773438, 1280.000000, 0
8.675000, 8825.975586, 921.599976, 0
8.776000, 8897.243164, 1117.090942, 0
8.877000, 8983.609375, 1109.333374, 0
8.978000, 9071.231445, 819.200012, 0
9.079000, 9156.937500, 682.666687, 0
9.180000, 9233.552734, 450.559998, 0
9.281000, 9291.663086, 682.666687, 0
9.382000, 9379.706055, 548.571411, 0
9.483000, 9468.487305, 635.586182, 0
9.584000, 9548.855469, 529.655151, 0
9.685000, 9602.203125, 544.000000, 0
9.786000, 9702.768555, 292.571442, 0
9.887000, 9769.760742, 600.275879, 0
9.988000, 9846.992187, 388.413788, 0
10.089000, 9905.848633, 910.222229, 0
10.190000, 9990.532227, 758.518494, 0
10.291000, 10053.338867, 682.666687, 0
10.392000, 10139.019531, 635.586182, 0
10.493000, 10193.329102, 658.285706, 0
10.594000, 10264.574219, 630.153870, 0
10.695000, 10335.714844, 905.846130, 0
10.796000, 10410.979492, 563.200012, 0
10.897000, 10489.603516, 512.000000, 0
10.998000, 10543.313477, 1365.333374, 0
11.099000, 10615.713867, 1024.000000, 0
11.200000, 10672.500977, -682.666687, 0
11.301000, 10758.264648, 512.000000, 0
11.402000, 10808.942383, 372.363647, 0
11.503000, 10884.069336, 614.400024, 0
11.604000, 10950.172852, 431.157898, 0
11.705000, 11013.083984, 445.217377, 0
11.806000, 11082.503906, 527.515137, 0
11.907000, 11135.620117, 525.128235, 0
12.008000, 11203.296875, 500.622223, 0
12.109000, 11263.271484, 459.755096, 0
12.210000, 11338.773437, 521.309082, 0
12.311000, 11390.435547, 451.254242, 0
12.412000, 11450.622070, 432.000000, 0
12.513000, 11515.954102, 391.529419, 0
12.614000, 11570.883789, 415.135132, 0
12.715000, 11636.339844, 452.155853, 0
12.816000, 11697.694336, 391.191010, 0
12.917000, 11761.103516, 407.510193, 0
13.018000, 11818.990234, 364.307678, 0
13.119000, 11877.898437, 388.413788, 0
13.220000, 11922.362305, 411.350433, 0
13.321000, 11984.084961, 404.645172, 0
13.422000, 12043.092773, 398.222229, 0
13.523000, 12102.617187, 409.600006, 0
13.624000, 12158.287109, 421.647064, 0
13.725000, 12210.812500, 389.408447, 0
13.826000, 12268.894531, 374.797394, 0
13.927000, 12330.215820, 404.543213, 0
14.028000, 12382.261719, 389.818176, 0
14.129000, 12441.265625, 420.670258, 0
14.230000, 12482.941406, 405.333344, 0
14.331000, 12544.200195, 393.050507, 0
14.432000, 12590.947266, 377.786407, 0
14.533000, 12639.371094, 404.723816, 0
14.634000, 12691.758789, 388.091339, 0
14.735000, 12739.338867, 378.925110, 0
14.836000, 12790.607422, 394.175720, 0
14.937000, 12850.092773, 393.216003, 0
15.038000, 12891.214844, 381.566528, 0
15.139000, 12952.229492, 388.671539, 0
15.240000, 12990.069336, 392.170227, 0
15.341000, 13042.387695, 402.537933, 0
15.442000, 13097.377930, 398.604034, 0
15.543000, 13142.490234, 401.568634, 0
15.644000, 13189.734375, 407.643311, 0
15.745000, 13236.976562, 397.515533, 0
15.846000, 13282.597656, 402.731720, 0
15.947000, 13333.443359, 405.964508, 0
16.048000, 13370.247070, 398.883728, 0
16.149000, 13428.082031, 398.883728, 0
16.250000, 13474.866211, 403.126434, 0
16.351000, 13519.379883, 406.068970, 0
16.452000, 13558.228516, 385.471252, 0
16.552999, 13601.682617, 381.780334, 0
16.653999, 13642.685547, 390.508484, 0
16.754999, 13686.829102, 384.707184, 0
16.856001, 13725.754883, 381.924316, 0
16.957001, 13772.396484, 387.459473, 0
17.058001, 13817.086914, 387.459473, 0
17.159000, 13861.964844, 392.994598, 0
17.260000, 13901.763672, 396.387085, 0
17.361000, 13933.638672, 401.892487, 0
17.462000, 13983.974609, 399.743317, 0
17.563000, 14025.688477, 390.095245, 0
17.664000, 14062.479492, 389.333344, 0
17.764999, 14099.191406, 387.316071, 0
17.865999, 14138.370117, 390.597931, 0
17.966999, 14172.946289, 387.878784, 0
18.068001, 14217.499023, 384.000000, 0
18.169001, 14259.108398, 389.119995, 0
18.270000, 14296.202148, 376.995026, 0
18.371000, 14333.224609, 383.369446, 0
18.472000, 14362.759766, 371.450989, 0
18.573000, 14404.273437, 388.413788, 0
18.674000, 14443.458984, 380.908203, 0
18.775000, 14476.824219, 368.834137, 0
18.875999, 14510.383789, 367.094330, 0
18.976999, 14545.043945, 365.370880, 0
19.077999, 14575.930664, 366.385315, 0
19.179001, 14612.009766, 367.709076, 0
19.280001, 14643.420898, 358.635956, 0
19.381001, 14677.551758, 352.144806, 0
19.482000, 14716.075195, 352.144806, 0
19.583000, 14746.261719, 345.945953, 0
19.684000, 14783.593750, 353.578461, 0
19.785000, 14813.085937, 353.415924, 0
19.886000, 14843.708008, 350.315796, 0
19.987000, 14881.343750, 365.392059, 0
20.087999, 14907.599609, 376.070801, 0
20.188999, 14940.270508, 367.589752, 0
20.290001, 14970.635742, 371.965820, 0
20.391001, 14995.952148, 371.965820, 0
20.492001, 15035.369141, 367.257385, 0
20.593000, 15060.096680, 358.616028, 0
20.694000, 15089.288086, 354.133331, 0
20.795000, 15117.881836, 358.399994, 0
20.896000, 15151.624023, 351.206604, 0
20.997000, 15179.080078, 344.097168, 0
21.098000, 15203.279297, 361.161835, 0
21.198999, 15235.997070, 361.161835, 0
21.299999, 15260.897461, 365.410797, 0
21.400999, 15287.760742, 368.132233, 0
21.502001, 15310.774414, 359.225800, 0
21.603001, 15341.687500, 360.447998, 0
21.704000, 15367.888672, 365.714294, 0
21.805000, 15387.688477, 364.000000, 0
21.906000, 15410.772461, 358.399994, 0
22.007000, 15441.483398, 359.572510, 0
22.108000, 15463.486328, 350.315796, 0
22.209000, 15493.918945, 359.164185, 0
22.309999, 15514.735352, 353.882355, 0
22.410999, 15538.538086, 357.294952, 0
22.511999, 15562.751953, 370.382965, 0
22.613001, 15587.337891, 371.726013, 0
22.714001, 15609.470703, 370.162170, 0
22.815001, 15630.392578, 358.399994, 0
22.916000, 15651.023437, 364.758179, 0
23.017000, 15672.624023, 371.450989, 0
23.118000, 15694.396484, 369.961304, 0
23.219000, 15715.743164, 376.754730, 0
23.320000, 15734.464844, 383.194977, 0
23.421000, 15755.139648, 378.434784, 0
23.521999, 15776.319336, 374.634155, 0
23.622999, 15795.385742, 373.204834, 0
23.724001, 15818.568359, 360.186035, 0
23.825001, 15834.505859, 349.225433, 0
23.926001, 15855.596680, 344.225983, 0
24.027000, 15876.078125, 355.555542, 0
24.128000, 15894.607422, 357.274719, 0
24.229000, 15912.721680, 351.481079, 0
24.330000, 15930.325195, 351.319153, 0
24.431000, 15947.832031, 347.523315, 0
24.532000, 15967.984375, 345.731964, 0
24.632999, 15981.585937, 337.868011, 0
24.733999, 15997.797852, 320.955231, 0
24.834999, 16013.005859, 316.831696, 0
24.936001, 16027.054687, 315.650482, 0
25.037001, 16045.371094, 328.966187, 0
25.138000, 16059.215820, 331.580963, 0
25.239000, 16072.047852, 334.019043, 0
25.340000, 16088.122070, 329.314545, 0
25.441000, 16102.705078, 320.000000, 0
25.542000, 16117.869141, 326.458710, 0
25.643000, 16131.535156, 318.270264, 0
25.743999, 16143.656250, 311.259918, 0
25.844999, 16155.812500, 315.248901, 0
25.945999, 16168.759766, 316.429199, 0
26.047001, 16180.821289, 314.576263, 0
26.148001, 16192.047852, 298.666656, 0
26.249001, 16205.906250, 296.198334, 0
26.350000, 16218.308594, 299.193420, 0
26.451000, 16230.034180, 308.459015, 0
26.552000, 16241.722656, 311.379578, 0
26.653000, 16249.146484, 314.276428, 0
26.754000, 16261.758789, 304.761902, 0
26.855000, 16270.176758, 297.160797, 0
26.955999, 16281.328125, 298.000000, 0
27.056999, 16289.944336, 295.689911, 0
27.158001, 16297.549805, 291.446167, 0
27.259001, 16306.405273, 294.787872, 0
27.360001, 16315.725586, 292.848480, 0
27.461000, 16324.230469, 287.405212, 0
27.562000, 16331.054687, 295.529419, 0
27.663000, 16337.382812, 288.346558, 0
27.764000, 16344.953125, 294.399994, 0
27.865000, 16350.608398, 293.088348, 0
27.966000, 16357.489258, 292.056335, 0
28.066999, 16364.243164, 288.549835, 0
28.167999, 16370.392578, 291.068481, 0
28.268999, 16375.931641, 290.075073, 0
28.370001, 16381.323242, 287.892242, 0
28.471001, 16385.841797, 288.211914, 0
28.572001, 16389.904297, 293.052643, 0
28.673000, 16393.613281, 291.137268, 0
28.774000, 16399.275391, 288.310669, 0
28.875000, 16402.761719, 283.719757, 0
28.976000, 16405.646484, 281.034698, 0
29.077000, 16408.902344, 279.272736, 0
29.177999, 16411.146484, 282.154785, 0
29.278999, 16413.427734, 296.172302, 0
29.379999, 16415.035156, 290.341461, 0
29.481001, 16417.269531, 292.571442, 0
29.582001, 16419.052734, 288.191620, 0
29.683001, 16419.982422, 285.981995, 0
29.784000, 16420.869141, 288.664703, 0
29.885000, 14399.561523, 148.011795, 0
29.986000, 12780.603516, 267.976593, 0
30.087000, 13978.304687, 276.716766, 0
30.188000, 15189.453125, 292.781616, 0
30.289000, 15982.293945, 296.727264, 0
30.389999, 16214.446289, 281.887634, 0
30.490999, 16327.087891, 280.044189, 0
30.591999, 16395.302734, 278.755554, 0
30.693001, 16416.095703, 279.781433, 0
30.794001, 16422.267578, 279.524323, 0
30.895000, 16423.179687, 278.021515, 0
30.996000, 16421.462891, 269.617035, 0
31.097000, 16417.921875, 272.168427, 0
31.198000, 16414.259766, 268.062836, 0
31.299000, 16409.943359, 265.284973, 0
31.400000, 16405.537109, 265.189758, 0
31.500999, 16400.794922, 259.898468, 0
31.601999, 16395.787109, 253.414139, 0
31.702999, 16391.496094, 257.286438, 0
31.804001, 16384.765625, 258.534668, 0
31.905001, 15554.147461, 125.490196, 0
32.006001, 14133.175781, 274.640778, 0
32.106998, 15261.720703, 257.236725, 0
32.208000, 15799.865234, 252.325363, 0
32.308998, 16082.855469, 249.933655, 0
32.410000, 16225.040039, 247.425842, 0
32.511002, 16285.458008, 244.976074, 0
32.612000, 16301.582031, 237.449280, 0
32.713001, 16301.556641, 234.975845, 0
32.813999, 16344.582031, 233.846161, 0
32.915001, 16393.632812, 233.846161, 0
33.015999, 16432.902344, 230.277512, 0
33.117001, 16410.039062, 222.504669, 0
33.217999, 16370.295898, 219.428574, 0
33.319000, 16378.516602, 218.074081, 0
33.419998, 16417.888672, 214.709671, 0
33.521000, 16433.941406, 212.748856, 0
33.622002, 16404.267578, 216.436371, 0
33.723000, 16346.029297, 214.109085, 0
33.824001, 16305.672852, 215.820633, 0
33.924999, 16283.598633, 211.626663, 0
34.026001, 16302.847656, 212.571426, 0
34.126999, 16349.700195, 211.228699, 0
34.228001, 16369.808594, 203.873306, 0
34.328999, 16328.161133, 201.556564, 0
34.430000, 16316.909180, 197.818176, 0
34.530998, 16314.182617, 192.860992, 0
34.632000, 16286.997070, 191.423416, 0
34.733002, 16226.611328, 191.707764, 0
34.834000, 16195.402344, 179.199997, 0
34.935001, 16156.819336, 170.666672, 0
35.035999, 16133.484375, 172.218185, 0
35.137001, 16185.229492, 173.755661, 0
35.237999, 16279.024414, 169.901352, 0
35.339001, 16258.766602, 165.309418, 0
35.439999, 16187.390625, 160.140976, 0
35.541000, 16105.569336, 157.013336, 0
35.641998, 16048.153320, 152.216217, 0
35.743000, 16054.869141, 150.588242, 0
35.844002, 16100.448242, 153.829590, 0
35.945000, 16113.284180, 148.271500, 0
36.046001, 16056.572266, 141.084442, 0
36.146999, 16034.845703, 138.808884, 0
36.248001, 16070.081055, 134.857147, 0
36.348999, 16067.739258, 140.684677, 0
36.450001, 16062.119141, 132.654541, 0
36.550999, 16050.225586, 134.371048, 0
36.652000, 16008.568359, 126.846848, 0
36.752998, 15946.499023, 131.459457, 0
36.854000, 15971.273437, 126.846848, 0
36.955002, 15919.915039, 122.787331, 0
37.056000, 16008.551758, 126.825691, 0
37.157001, 16033.245117, 120.888885, 0
37.257999, 15952.930664, 119.779816, 0
37.359001, 15851.386719, 119.232880, 0
37.459999, 15776.517578, 112.219177, 0
37.561001, 15833.267578, 119.390137, 0
37.661999, 15943.687500, 118.328888, 0
37.763000, 15906.417969, 114.798203, 0
37.863998, 15831.027344, 114.557076, 0
37.965000, 15848.180664, 112.733948, 0
38.066002, 15843.086914, 108.036697, 0
38.167000, 15840.793945, 109.381821, 0
38.268002, 15799.365234, 106.090088, 0
38.368999, 15728.687500, 96.986786, 0
38.470001, 15683.946289, 96.986786, 0
38.570999, 15697.889648, 91.428574, 0
38.672001, 15820.053711, 92.252251, 0
38.772999, 15757.471680, 84.195557, 0
38.874001, 15642.726562, 73.470856, 0
38.974998, 15548.282227, 72.176208, 0
39.076000, 15668.668945, 86.471107, 0
39.176998, 15699.458984, 80.000000, 0
39.278000, 15604.305664, 80.358742, 0
39.379002, 15539.505859, 77.026550, 0
39.480000, 15569.202148, 76.687225, 0
39.581001, 15612.897461, 71.545853, 0
39.681999, 15536.355469, 62.602619, 0
39.783001, 15518.070312, 61.793102, 0
39.883999, 15486.639648, 67.540428, 0
39.985001, 15531.018555, 61.527897, 0
40.085999, 15525.697266, 56.140350, 0
40.187000, 15473.690430, 57.399101, 0
40.287998, 15448.988281, 65.122810, 0
40.389000, 15436.198242, 64.277054, 0
40.490002, 15406.454102, 61.527897, 0
40.591000, 15328.689453, 61.527897, 0
40.692001, 15247.953125, 59.844154, 0
40.792999, 15247.435547, 57.379311, 0
40.894001, 15291.353516, 57.878262, 0
40.994999, 15294.493164, 56.140350, 0
41.096001, 15251.120117, 49.621147, 0
41.196999, 15228.650391, 53.659389, 0
41.298000, 15245.854492, 57.133049, 0
41.398998, 15219.440430, 45.753193, 0
41.500000, 15202.524414, 47.931915, 0
41.601002, 15166.090820, 47.931915, 0
41.702000, 15137.083984, 49.478992, 0
41.803001, 15131.322266, 49.271965, 0
41.903999, 15118.039062, 51.630253, 0
42.005001, 15108.243164, 48.863071, 0
42.105999, 15102.266602, 50.567902, 0
42.207001, 15091.957031, 44.429752, 0
42.307999, 15077.326172, 43.206753, 0
42.409000, 15070.420898, 45.948719, 0
42.509998, 15071.177734, 53.556484, 0
42.611000, 15064.886719, 55.466667, 0
42.712002, 15059.918945, 49.066666, 0
42.813000, 15061.914062, 54.113823, 0
42.914001, 15057.114258, 49.951218, 0
43.014999, 15046.823242, 57.123966, 0
43.116001, 15038.410156, 55.932774, 0
43.216999, 15028.891602, 56.888889, 0
43.318001, 15017.076172, 56.888889, 0
43.418999, 15009.410156, 50.776859, 0
43.520000, 15003.293945, 50.776859, 0
43.620998, 14993.250977, 49.066666, 0
43.722000, 14984.705078, 47.728813, 0
43.823002, 14977.015625, 50.360657, 0
43.924000, 14971.186523, 44.799999, 0
44.025002, 14965.471680, 44.799999, 0
44.125999, 14959.598633, 47.483871, 0
44.227001, 14953.125000, 43.707317, 0
44.327999, 14946.866211, 35.966942, 0
44.429001, 14939.707031, 40.198349, 0
44.529999, 14932.249023, 29.866667, 0
44.631001, 14924.392578, 32.268909, 0
44.731998, 14918.041992, 30.632479, 0
44.833000, 14914.928711, 35.966942, 0
44.933998, 14912.374023, 36.266666, 0
45.035000, 14908.513672, 39.050846, 0
45.136002, 14905.352539, 34.711864, 0
45.237000, 14904.000977, 28.689655, 0
45.338001, 14897.044922, 24.920355, 0
45.438999, 14889.752930, 24.920355, 0
45.540001, 14882.520508, 27.675676, 0
45.640999, 14876.172852, 33.391304, 0
45.742001, 14871.016602, 33.684212, 0
45.842999, 14865.106445, 25.369370, 0
45.944000, 14858.813477, 25.369370, 0
46.044998, 14851.648437, 27.927273, 0
46.146000, 14844.550781, 23.063063, 0
46.247002, 14839.178711, 25.600000, 0
46.348000, 14829.935547, 31.438597, 0
46.449001, 14826.122070, 30.896551, 0
46.549999, 14821.500000, 24.920355, 0
46.651001, 14816.610352, 23.063063, 0
46.751999, 14815.686523, 16.290909, 0
46.853001, 14812.949219, 21.333334, 0
46.953999, 14804.458008, 14.091743, 0
47.055000, 14799.255859, 14.222222, 0
47.155998, 14791.371094, 9.570093, 0
47.257000, 14784.984375, 9.660378, 0
47.358002, 14779.606445, 7.384615, 0
47.459000, 14773.795898, 2.485437, 0
47.560001, 14769.832031, 15.058824, 0
47.660999, 14764.795898, 5.069307, 0
47.762001, 14759.418945, -5.120000, 0
47.862999, 14755.726562, -5.019608, 0
47.964001, 14751.323242, -7.603961, 1
48.064999, 14746.760742, -7.757576, 1
48.166000, 14742.891602, -23.272728, 1
48.266998, 14740.948242, -28.444445, 1
48.368000, 14737.098633, -18.285715, 1
48.469002, 14731.505859, -29.030928, 1
48.570000, 14725.080078, -20.277227, 1
48.671001, 14722.557617, -20.480000, 1
48.771999, 14715.705078, -21.113401, 1
48.873001, 14706.955078, -21.113401, 1
48.973999, 14703.306641, -21.557896, 1
49.075001, 14701.884766, -24.774193, 1
49.175999, 14695.333008, -19.478260, 1
49.277000, 14689.913086, -20.134832, 1
49.377998, 14683.228516, -2.723404, 1
49.479000, 14677.679687, -11.130435, 1
49.580002, 14671.815430, -11.252748, 1
49.681000, 14665.831055, -11.636364, 1
49.782001, 14660.372070, -26.482759, 1
49.882999, 14656.390625, -38.697674, 1
49.984001, 14652.000977, -36.571430, 1
50.084999, 14647.448242, -35.720932, 1
50.186001, 14643.023437, -32.367817, 1
50.286999, 14638.599609, -37.463413, 1
50.388000, 14633.820312, -46.829269, 1
50.488998, 14628.571289, -41.599998, 1
50.590000, 14622.584961, -49.951218, 1
50.691002, 14617.719727, -53.728394, 1
50.792000, 14612.006836, -51.200001, 1
50.893002, 14608.133789, -45.176472, 1
50.993999, 14605.354492, -45.714287, 1
51.095001, 14601.998047, -46.265060, 1
51.195999, 14598.431641, -60.049381, 1
51.297001, 14590.517578, -58.329113, 1
51.397999, 14582.965820, -55.794872, 1
51.499001, 14578.126953, -64.853333, 1
51.599998, 14572.120117, -48.000000, 1
51.701000, 14566.005859, -55.794872, 1
51.801998, 14561.282227, -53.894737, 1
51.903000, 14558.152344, -61.439999, 1
52.004002, 14557.092773, -49.230770, 1
52.105000, 14554.348633, -57.263157, 1
52.206001, 14548.358398, -58.026669, 1
52.306999, 14540.041992, -51.200001, 1
52.408001, 14531.405273, -69.530861, 1
52.508999, 14523.131836, -75.487183, 1
52.610001, 14517.203125, -71.291138, 1
52.710999, 14512.161133, -70.400002, 1
52.812000, 14508.801758, -84.210526, 1
52.912998, 14504.466797, -85.333336, 1
53.014000, 14494.924805, -64.810127, 1
53.115002, 14486.669922, -64.810127, 1
53.216000, 14482.054687, -68.923080, 1
53.317001, 14478.990234, -72.205132, 1
53.417999, 14476.711914, -83.116882, 1
53.519001, 14473.545898, -103.783783, 1
53.619999, 14469.076172, -100.957748, 1
53.721001, 14463.430664, -112.941177, 1
53.821999, 14458.137695, -92.160004, 1
53.923000, 14452.480469, -82.929581, 1
54.023998, 14446.981445, -74.666664, 1
54.125000, 14443.230469, -79.323944, 1
54.226002, 14443.628906, -60.631580, 1
54.327000, 14443.891602, -65.729729, 1
54.428001, 14440.338867, -64.901405, 1
54.528999, 14436.931641, -56.888889, 1
54.630001, 14431.604492, -62.171429, 1
54.730999, 14427.423828, -72.597015, 1
54.832001, 14419.225586, -67.764709, 1
54.932999, 14410.629883, -78.769234, 1
55.034000, 14404.090820, -72.597015, 1
55.134998, 14399.093750, -94.523079, 1
55.236000, 14396.658203, -75.294121, 1
55.337002, 14395.073242, -71.529411, 1
55.438000, 14389.956055, -73.696968, 1
55.539001, 14382.476562, -77.206352, 1
55.639999, 14377.526367, -85.333336, 1
55.741001, 14371.975586, -100.571426, 1
55.841999, 14367.998047, -116.363640, 1
55.943001, 14360.422852, -138.240005, 1
56.043999, 14353.627930, -121.018181, 1
56.145000, 14349.102539, -123.259262, 1
56.245998, 14344.759766, -109.714287, 1
56.347000, 14338.779297, -113.777779, 1
56.448002, 14329.866211, -105.931038, 1
56.549000, 14321.051758, -110.344826, 1
56.650002, 14314.008789, -123.586205, 1
56.750999, 14308.761719, -108.474579, 1
56.852001, 14304.962891, -116.771927, 1
56.952999, 14300.820312, -139.636368, 1
57.054001, 14296.764648, -146.962967, 1
57.154999, 14292.602539, -155.607849, 1
57.256001, 14286.583008, -177.632660, 1
57.356998, 14282.768555, -177.632660, 1
57.458000, 14278.026367, -169.056610, 1
57.558998, 14272.328125, -192.000000, 1
57.660000, 14266.648437, -206.978729, 1
57.761002, 14259.715820, -221.866669, 1
57.862000, 14255.158203, -238.933334, 1
57.963001, 14251.758789, -213.333328, 1
58.063999, 14249.068359, -217.043472, 1
58.165001, 14245.745117, -205.913040, 1
58.265999, 14242.662109, -167.384613, 1
58.367001, 14239.037109, -192.000000, 1
58.467999, 14232.683594, -200.347824, 1
58.569000, 14225.028320, -194.782608, 1
58.669998, 14218.833984, -227.555557, 1
58.771000, 14213.421875, -261.953491, 1
58.872002, 14206.109375, -280.380951, 1
58.973000, 14201.812500, -250.553192, 1
59.074001, 14199.309570, -273.066681, 1
59.174999, 14195.062500, -284.444458, 1
59.276001, 14190.126953, -291.720917, 1
59.376999, 14188.097656, -330.105255, 1
59.478001, 14184.522461, -323.368408, 1
59.578999, 14178.941406, -411.151520, 1
59.680000, 14171.987305, -459.034485, 1
59.780998, 14167.494141, -450.206909, 1
59.882000, 14162.176758, -466.285706, 1
59.983002, 14157.623047, -502.153839, 1
60.084000, 14155.507812, -640.000000, 1
60.185001, 14154.108398, -754.526306, 1
60.285999, 14151.627930, -796.444458, 1
60.387001, 14153.801758, -1060.571411, 1
60.487999, 14156.201172, -729.599976, 1
60.589001, 14152.825195, -824.888916, 1
60.689999, 14143.646484, -1301.333374, 1
60.791000, 14130.005859, -1188.571411, 1
60.891998, 14118.026367, -1715.199951, 1
60.993000, 14109.326172, -2144.000000, 1
61.094002, 14103.119141, -2944.000000, 1
61.195000, 14095.868164, -2112.000000, 1
61.296001, 14089.848633, -2773.333252, 1
61.396999, 14085.580078, -2901.333252, 1
61.498001, 14084.091797, 0.000000, 1
61.598999, 14081.439453, 8704.000000, 0
61.700001, 14076.113281, 8448.000000, 0
61.800999, 14072.873047, 2901.333252, 0
61.902000, 14069.431641, 3029.333252, 0
62.002998, 14064.329102, 9472.000000, 0
62.104000, 14059.412109, 4928.000000, 0
62.205002, 14057.185547, 5120.000000, 0
62.306000, 14056.117187, 3456.000000, 0
62.407001, 14052.125977, 3584.000000, 0
62.507999, 14048.835937, 2176.000000, 0
62.609001, 14043.461914, 2227.199951, 0
62.709999, 14033.446289, 3754.666748, 0
62.811001, 14024.102539, 2848.000000, 0
62.911999, 14017.694336, 1920.000000, 0
63.013000, 14011.260742, 1682.285767, 0
63.113998, 14007.832031, 1488.000000, 0
63.215000, 14004.286133, 1504.000000, 0
63.316002, 14000.265625, 1365.333374, 0
63.417000, 13993.234375, 1984.000000, 0
63.518002, 13990.145508, 1488.000000, 0
63.618999, 13987.029297, 1737.142822, 0
63.720001, 13979.918945, 1241.599976, 0
63.820999, 13974.910156, 1175.272705, 0
63.922001, 13968.293945, 994.461548, 0
64.023003, 13962.754883, 1014.153870, 0
64.124001, 13954.032227, 848.000000, 0
64.224998, 13948.428711, 664.380981, 0
64.325996, 13943.893555, 753.777771, 0
64.427002, 13942.074219, 783.058838, 0
64.528000, 13940.490234, 746.666687, 0
64.628998, 13937.145508, 734.315796, 0
64.730003, 13932.653320, 782.222229, 0
64.831001, 13926.243164, 828.235291, 0
64.931999, 13920.926758, 768.000000, 0
65.032997, 13914.534180, 964.266663, 0
65.134003, 13908.291016, 1092.923096, 0
65.235001, 13902.438477, 768.000000, 0
65.335999, 13900.828125, 888.000000, 0
65.436996, 13898.878906, 872.000000, 0
65.538002, 13893.791016, 835.764709, 0
65.639000, 13889.935547, 768.000000, 0
65.739998, 13887.951172, 873.411743, 0
65.841003, 13883.835937, 888.000000, 0
65.942001, 13878.613281, 742.400024, 0
66.042999, 13874.622070, 810.666687, 0
66.143997, 13871.331055, 972.799988, 0
66.245003, 13867.649414, 850.823547, 0
66.346001, 13866.181641, 904.000000, 0
66.446999, 13864.213867, 1102.769287, 0
66.547997, 13861.911133, 1112.615356, 0
66.649002, 13859.900391, 1032.533325, 0
66.750000, 13855.697266, 1078.857178, 0
66.850998, 13847.392578, 1033.142822, 0
66.952003, 13838.357422, 904.000000, 0
67.053001, 13825.000977, 947.200012, 0
67.153999, 13816.882812, 1112.615356, 0
67.254997, 13810.372070, 989.866638, 0
67.356003, 13805.363281, 912.000000, 0
67.457001, 13802.965820, 1014.857117, 0
67.557999, 13798.655273, 1142.153809, 0
67.658997, 13793.541992, 928.000000, 0
67.760002, 13790.309570, 1122.461548, 0
67.861000, 13787.817383, 1484.800049, 0
67.961998, 13782.147461, 1349.818237, 0
68.063004, 13775.656250, 1433.599976, 0
68.164001, 13770.826172, 2764.800049, 0
68.264999, 13763.958008, 2304.000000, 0
68.365997, 13756.056641, 1760.000000, 0
68.467003, 13747.684570, 2011.428589, 0
68.568001, 13743.280273, 1280.000000, 0
68.668999, 13740.275391, 880.000000, 0
68.769997, 13738.017578, 1024.000000, 0
68.871002, 13734.982422, 1433.599976, 0
68.972000, 13729.604492, 1280.000000, 0
69.072998, 13721.708984, 1256.727295, 0
69.174004, 13715.797852, 1792.000000, 0
69.275002, 13709.853516, 1303.272705, 0
69.375999, 13703.507812, 972.799988, 0
69.476997, 13698.797852, 1142.153809, 0
69.578003, 13693.841797, 1592.888916, 0
69.679001, 13691.308594, 1181.538452, 0
69.779999, 13689.156250, 1216.000000, 0
69.880997, 13686.709961, 1433.599976, 0
69.982002, 13683.806641, 1408.000000, 0
70.083000, 13678.183594, 1433.599976, 0
70.183998, 13673.125000, 1760.000000, 0
70.285004, 13667.883789, 1938.285767, 0
70.386002, 13664.290039, 1194.666626, 0
70.487000, 13658.478516, 1408.000000, 0
70.587997, 13653.878906, 1760.000000, 0
70.689003, 13648.363281, 1433.599976, 0
70.790001, 13646.258789, 1760.000000, 0
70.890999, 13643.093750, 2121.142822, 0
70.991997, 13638.497070, 1888.000000, 0
71.093002, 13631.726562, 1024.000000, 0
71.194000, 13622.767578, 1161.846191, 0
71.294998, 13613.770508, 1326.545410, 0
71.396004, 13608.015625, 944.000000, 0
71.497002, 13602.525391, 989.866638, 0
71.598000, 13598.098633, 1216.000000, 0
71.698997, 13595.140625, 1042.285767, 0
71.800003, 13591.735352, 944.000000, 0
71.901001, 13588.724609, 1303.272705, 0
72.001999, 13583.098633, 1173.333374, 0
72.102997, 13577.958984, 955.733337, 0
72.204002, 13572.678711, 1063.384644, 0
72.305000, 13568.842773, 904.533325, 0
72.405998, 13569.925781, 955.733337, 0
72.507004, 13567.283203, 880.000000, 0
72.608002, 13563.774414, 1083.076904, 0
72.709000, 13561.191406, 1173.333374, 0
72.809998, 13560.010742, 955.733337, 0
72.911003, 13550.999023, 1024.000000, 0
73.012001, 13539.860352, 989.866638, 0
73.112999, 13532.384766, 808.421082, 0
73.213997, 13525.607422, 782.222229, 0
73.315002, 13519.458008, 921.599976, 0
73.416000, 13515.664062, 741.052612, 0
73.516998, 13512.776367, 741.052612, 0
73.617996, 13508.721680, 753.777771, 0
73.719002, 13505.625000, 700.631592, 0
73.820000, 13499.810547, 573.440002, 0
73.920998, 13497.560547, 576.000000, 0
74.022003, 13493.503906, 633.904785, 0
74.123001, 13488.089844, 531.692322, 0
74.223999, 13482.549805, 576.000000, 0
74.324997, 13477.379883, 652.799988, 0
74.426003, 13471.207031, 581.818176, 0
74.527000, 13464.072266, 581.818176, 0
74.627998, 13458.857422, 614.400024, 0
74.728996, 13455.599609, 535.272705, 0
74.830002, 13451.912109, 429.714294, 0
74.931000, 13446.686523, 480.000000, 0
75.031998, 13442.808594, 500.869568, 0
75.133003, 13435.487305, 491.519989, 0
75.234001, 13429.287109, 534.260864, 0
75.334999, 13423.272461, 523.130432, 0
75.435997, 13418.229492, 471.040009, 0
75.537003, 13414.330078, 414.896545, 0
75.638000, 13413.167969, 472.615387, 0
75.738998, 13408.733398, 445.629639, 0
75.839996, 13403.167969, 400.000000, 0
75.941002, 13396.567383, 432.551727, 0
76.042000, 13391.973633, 457.142853, 0
76.142998, 13386.104492, 450.206909, 0
76.244003, 13378.075195, 399.058838, 0
76.345001, 13372.515625, 443.733337, 0
76.445999, 13366.551758, 412.903229, 0
76.546997, 13360.780273, 387.657135, 0
76.648003, 13355.203125, 403.393951, 0
76.749001, 13350.535156, 380.342865, 0
76.849998, 13349.556641, 347.897430, 0
76.950996, 13347.891602, 380.342865, 0
77.052002, 13342.434570, 408.000000, 0
77.153000, 13336.151367, 403.393951, 0
77.253998, 13328.237305, 387.657135, 0
77.355003, 13321.748047, 384.000000, 0
77.456001, 13318.301758, 376.888885, 0
77.556999, 13312.426758, 330.926819, 0
77.657997, 13306.882812, 334.769226, 0
77.759003, 13302.496094, 373.028564, 0
77.860001, 13299.435547, 347.897430, 0
77.960999, 13295.355469, 373.028564, 0
78.061996, 13291.246094, 403.393951, 0
78.163002, 13287.131836, 432.000000, 0
78.264000, 13281.101562, 337.170746, 0
78.364998, 13276.478516, 354.461548, 0
78.466003, 13274.474609, 384.000000, 0
78.567001, 13270.299805, 318.577789, 0
78.667999, 13267.347656, 315.534882, 0
78.768997, 13268.299805, 357.052643, 0
78.870003, 13266.551758, 373.621613, 0
78.971001, 13259.431641, 409.600006, 0
79.071999, 13253.850586, 414.117645, 0
79.172997, 13248.863281, 395.636353, 0
79.274002, 13237.865234, 363.789459, 0
79.375000, 13231.314453, 362.666656, 0
79.475998, 13224.828125, 399.058838, 0
79.577003, 13221.259766, 373.028564, 0
79.678001, 13220.264648, 391.529419, 0
79.778999, 13217.797852, 392.000000, 0
79.879997, 13211.451172, 403.393951, 0
79.981003, 13205.015625, 369.777771, 0
80.082001, 13200.006836, 361.411774, 0
80.182999, 13193.996094, 325.189178, 0
80.283997, 13193.771484, 298.666656, 0
80.385002, 13192.172852, 299.707306, 0
80.486000, 13188.576172, 318.270264, 0
80.586998, 13187.060547, 294.399994, 0
80.688004, 13185.793945, 268.190491, 0
80.789001, 13181.261719, 290.594604, 0
80.889999, 13175.691406, 276.756744, 0
80.990997, 13171.318359, 256.000000, 0
81.092003, 13167.399414, 268.799988, 0
81.193001, 13163.102539, 238.933334, 0
81.293999, 13156.952148, 235.520004, 0
81.394997, 13151.879883, 250.311111, 0
81.496002, 13148.093750, 280.975616, 0
81.597000, 13143.288086, 294.399994, 0
81.697998, 13137.373047, 281.600006, 0
81.799004, 13134.722656, 275.692322, 0
81.900002, 13129.208008, 280.380951, 0
82.000999, 13122.608398, 240.639999, 0
82.101997, 13114.572266, 267.636353, 0
82.203003, 13109.328125, 256.000000, 0
82.304001, 13104.779297, 256.000000, 0
82.404999, 13099.392578, 250.434784, 0
82.505997, 13094.758789, 239.304352, 0
82.607002, 13089.607422, 250.181824, 0
82.708000, 13085.786133, 239.659576, 0
82.808998, 13078.743164, 244.363632, 0
82.910004, 13067.829102, 262.399994, 0
83.011002, 13059.999023, 244.869568, 0
83.112000, 13053.751953, 268.487793, 0
83.212997, 13049.514648, 291.555542, 0
83.314003, 13042.974609, 262.399994, 0
83.415001, 13037.187500, 284.444458, 0
83.515999, 13033.593750, 277.942871, 0
83.616997, 13029.963867, 302.545441, 0
83.718002, 13024.835937, 262.564117, 0
83.819000, 13017.224609, 284.444458, 0
83.919998, 13011.842773, 287.030304, 0
84.021004, 13008.676758, 249.435898, 0
84.122002, 13007.013672, 242.162155, 0
84.223000, 13004.599609, 256.000000, 0
84.323997, 13000.747070, 236.800003, 0
84.425003, 12999.250000, 226.232559, 0
84.526001, 12999.652344, 242.162155, 0
84.626999, 12995.706055, 230.399994, 0
84.727997, 12991.041992, 203.636368, 0
84.829002, 12989.126953, 184.558136, 0
84.930000, 12982.397461, 183.652176, 0
85.030998, 12975.798828, 181.333328, 0
85.132004, 12968.492187, 183.652176, 0
85.233002, 12964.170898, 211.199997, 0
85.334000, 12956.703125, 188.952377, 0
85.434998, 12950.516602, 172.521744, 0
85.536003, 12941.850586, 180.363632, 0
85.637001, 12934.856445, 174.545456, 0
85.737999, 12932.300781, 165.333328, 0
85.838997, 12929.585937, 172.521744, 0
85.940002, 12924.263672, 188.952377, 0
86.041000, 12918.633789, 201.142853, 0
86.141998, 12914.513672, 192.000000, 0
86.242996, 12908.989258, 198.399994, 0
86.344002, 12903.219727, 186.181824, 0
86.445000, 12899.918945, 183.652176, 0
86.545998, 12899.968750, 181.333328, 0
86.647003, 12898.120117, 183.652176, 0
86.748001, 12895.346680, 192.000000, 0
86.848999, 12891.024414, 182.153839, 0
86.949997, 12886.196289, 186.666672, 0
87.051003, 12881.745117, 162.461533, 0
87.152000, 12878.898437, 160.000000, 0
87.252998, 12873.716797, 163.310349, 0
87.353996, 12868.789062, 161.032257, 0
87.455002, 12862.750977, 157.866669, 0
87.556000, 12857.018555, 170.666672, 0
87.656998, 12853.605469, 163.310349, 0
87.758003, 12849.038086, 169.142853, 0
87.859001, 12842.850586, 162.133331, 0
87.959999, 12838.269531, 173.714279, 0
88.060997, 12831.599609, 172.137924, 0
88.162003, 12825.855469, 176.551727, 0
88.263000, 12821.555664, 180.965515, 0
88.363998, 12816.103516, 192.000000, 0
88.464996, 12812.224609, 176.000000, 0
88.566002, 12808.610352, 184.000000, 0
88.667000, 12806.868164, 205.714279, 0
88.767998, 12806.000000, 194.064514, 0
88.869003, 12801.816406, 184.470581, 0
88.970001, 12794.804687, 175.542862, 0
89.070999, 12789.313477, 180.705887, 0
89.171997, 12783.071289, 179.891891, 0
89.273003, 12780.270508, 181.894730, 0
89.374001, 12776.333984, 181.333328, 0
89.474998, 12769.801758, 185.263153, 0
89.575996, 12763.932617, 188.444443, 0
89.677002, 12758.949219, 203.294113, 0
89.778000, 12753.683594, 195.764709, 0
89.878998, 12747.851562, 195.764709, 0
89.980003, 12743.424805, 193.939392, 0
90.081001, 12738.481445, 176.941177, 0
90.181999, 12732.912109, 192.000000, 0
90.282997, 12728.262695, 180.705887, 0
90.384003, 12724.269531, 198.193542, 0
90.485001, 12721.735352, 192.000000, 0
90.585999, 12720.504883, 193.939392, 0
90.686996, 12720.057617, 184.000000, 0
90.788002, 12717.437500, 190.060608, 0
90.889000, 12712.685547, 186.514282, 0
90.989998, 12702.189453, 184.888885, 0
91.091003, 12696.502930, 180.705887, 0
91.192001, 12687.824219, 170.666672, 0
91.292999, 12683.312500, 181.333328, 0
91.393997, 12676.796875, 179.199997, 0
91.495003, 12671.119141, 184.470581, 0
91.596001, 12666.798828, 197.485718, 0
91.696999, 12659.280273, 209.454544, 0
91.797997, 12652.378906, 197.485718, 0
91.899002, 12645.909180, 193.828568, 0
92.000000, 12640.274414, 216.000000, 0
92.100998, 12636.718750, 234.666672, 0
92.202003, 12632.692383, 213.333328, 0
92.303001, 12627.912109, 204.800003, 0
92.403999, 12623.837891, 232.000000, 0
92.504997, 12616.527344, 207.058823, 0
92.606003, 12610.744141, 208.457138, 0
92.707001, 12605.608398, 192.000000, 0
92.807999, 12601.583984, 193.641022, 0
92.908997, 12596.408203, 190.439026, 0
93.010002, 12592.446289, 198.399994, 0
93.111000, 12589.709961, 198.736847, 0
93.211998, 12584.651367, 193.641022, 0
93.313004, 12579.375000, 169.674423, 0
93.414001, 12575.246094, 175.627914, 0
93.514999, 12571.267578, 188.952377, 0
93.615997, 12566.148437, 180.363632, 0
93.717003, 12561.044922, 181.581390, 0
93.818001, 12555.263672, 181.073166, 0
93.918999, 12549.713867, 184.558136, 0
94.019997, 12544.101562, 198.399994, 0
94.121002, 12541.201172, 196.923080, 0
94.222000, 12538.696289, 192.000000, 0
94.322998, 12534.188477, 187.076920, 0
94.424004, 12530.317383, 193.729736, 0
94.525002, 12525.887695, 201.142853, 0
94.625999, 12516.128906, 190.270264, 0
94.726997, 12509.784180, 202.666672, 0
94.828003, 12503.617187, 208.457138, 0
94.929001, 12500.202148, 199.111115, 0
95.029999, 12497.094727, 195.368423, 0
95.130997, 12492.689453, 193.729736, 0
95.232002, 12487.543945, 185.263153, 0
95.333000, 12484.967773, 181.073166, 0
95.433998, 12481.805664, 187.317078, 0
95.535004, 12476.955078, 200.205124, 0
95.636002, 12472.791016, 170.666672, 0
95.737000, 12469.383789, 167.822220, 0
95.837997, 12465.598633, 174.545456, 0
95.939003, 12459.503906, 161.391312, 0
96.040001, 12454.753906, 161.391312, 0
96.140999, 12449.496094, 164.977783, 0
96.241997, 12444.742187, 149.787231, 0
96.343002, 12441.887695, 149.333328, 0
96.444000, 12442.345703, 158.608688, 0
96.544998, 12447.461914, 159.288895, 0
96.646004, 12444.735352, 152.510635, 0
96.747002, 12439.936523, 149.787231, 0
96.848000, 12433.878906, 160.744186, 0
96.948997, 12428.577148, 160.744186, 0
97.050003, 12419.808594, 161.391312, 0
97.151001, 12412.268555, 166.127655, 0
97.251999, 12407.214844, 169.739136, 0
97.352997, 12400.402344, 163.404251, 0
97.454002, 12394.468750, 165.333328, 0
97.555000, 12389.001953, 173.511108, 0
97.655998, 12382.147461, 174.297867, 0
97.757004, 12374.509766, 168.000000, 0
97.858002, 12368.661133, 168.851059, 0
97.959000, 12365.041016, 174.297867, 0
98.059998, 12361.405273, 161.959183, 0
98.161003, 12357.038086, 161.959183, 0
98.262001, 12355.525391, 175.304352, 0
98.362999, 12354.112305, 175.020401, 0
98.463997, 12348.559570, 177.021271, 0
98.565002, 12341.507812, 192.000000, 0
98.666000, 12334.360352, 200.727280, 0
98.766998, 12329.450195, 200.727280, 0
98.867996, 12322.536133, 202.418610, 0
98.969002, 12316.102539, 194.909088, 0
99.070000, 12311.974609, 193.361710, 0
99.170998, 12307.269531, 190.693878, 0
99.272003, 12304.288086, 200.347824, 0
99.373001, 12300.125000, 198.808517, 0
99.473999, 12295.615234, 188.081635, 0
99.574997, 12288.738281, 198.808517, 0
99.676003, 12282.105469, 196.085114, 0
99.777000, 12277.129883, 185.725494, 0
99.877998, 12272.924805, 184.615387, 0
99.978996, 12268.227539, 177.777771, 0
100.080002, 12264.244141, 176.301880, 0
100.181000, 12260.117187, 168.296295, 0
100.281998, 12256.709961, 177.230774, 0
100.383003, 12254.724609, 168.296295, 0
100.484001, 12252.375977, 163.555557, 0
100.584999, 12246.518555, 174.769226, 0
100.685997, 12240.134766, 178.196075, 0
100.787003, 12234.962891, 182.153839, 0
100.888000, 12229.810547, 189.440002, 0
100.988998, 12224.044922, 185.725494, 0
101.089996, 12219.445312, 179.199997, 0
101.191002, 12217.091797, 176.000000, 0
101.292000, 12212.076172, 179.199997, 0
101.392998, 12207.712891, 174.344833, 0
101.494003, 12202.720703, 175.728821, 0
101.595001, 12197.012695, 169.290329, 0
101.695999, 12190.340820, 162.539688, 0
101.796997, 12184.710937, 159.030304, 0
101.898003, 12178.909180, 158.117645, 0
101.999001, 12174.883789, 159.030304, 0
102.099998, 12170.905273, 158.117645, 0
102.200996, 12166.909180, 153.971008, 0
102.302002, 12165.034180, 154.746262, 0
102.403000, 12163.284180, 156.235291, 0
102.503998, 12160.776367, 157.257141, 0
102.605003, 12159.664062, 156.656723, 0
102.706001, 12156.303711, 155.151520, 0
102.806999, 12153.037109, 150.260864, 0
102.907997, 12146.422852, 152.835815, 0
103.009003, 12141.169922, 155.569229, 0
103.110001, 12131.016602, 148.705887, 0
103.210999, 12122.327148, 144.457138, 0
103.311996, 12114.397461, 146.550720, 0
103.413002, 12108.865234, 140.619720, 0
103.514000, 12106.208984, 138.666672, 0
103.614998, 12101.237305, 134.918915, 0
103.716003, 12096.799805, 135.111115, 0
103.817001, 12092.223633, 128.000000, 0
103.917999, 12088.235352, 128.000000, 0
104.018997, 12082.862305, 131.555557, 0
104.120003, 12077.388672, 129.777771, 0
104.221001, 12073.669922, 128.000000, 0
104.321999, 12069.484375, 129.828568, 0
104.422997, 12062.087891, 137.275360, 0
104.524002, 12056.461914, 137.142853, 0
104.625000, 12051.289062, 142.840576, 0
104.725998, 12045.784180, 147.393936, 0
104.827003, 12040.406250, 143.058823, 0
104.928001, 12036.222656, 146.550720, 0
105.028999, 12032.237305, 137.411758, 0
105.129997, 12027.196289, 145.194031, 0
105.231003, 12021.125977, 146.285721, 0
105.332001, 12016.963867, 140.273972, 0
105.432999, 12013.504883, 144.000000, 0
105.533997, 12007.829102, 137.974030, 0
105.635002, 12003.671875, 139.341766, 0
105.736000, 11999.935547, 148.210526, 0
105.836998, 11995.474609, 151.578949, 0
105.938004, 11991.459961, 147.443039, 0
106.039001, 11987.963867, 138.926834, 0
106.139999, 11987.531250, 139.199997, 0
106.240997, 11982.412109, 132.626511, 0
106.342003, 11979.757812, 131.084335, 0
106.443001, 11977.160156, 139.341766, 0
106.543999, 11973.215820, 129.471268, 0
106.644997, 11966.762695, 128.000000, 0
106.746002, 11962.382812, 130.976746, 0
106.847000, 11957.361328, 128.000000, 0
106.947998, 11950.940430, 125.090912, 0
107.049004, 11947.040039, 126.511627, 0
107.150002, 11941.619141, 131.047623, 0
107.250999, 11936.997070, 134.168671, 0
107.351997, 11930.244141, 134.023529, 0
107.453003, 11925.442383, 140.800003, 0
107.554001, 11921.235352, 144.202530, 0
107.654999, 11916.147461, 142.048782, 0
107.755997, 11909.966797, 144.202530, 0
107.857002, 11904.494141, 139.199997, 0
107.958000, 11898.773437, 137.481476, 0
108.058998, 11894.154297, 131.160492, 0
108.160004, 11890.583984, 136.205124, 0
108.261002, 11885.931641, 128.000000, 0
108.362000, 11880.571289, 126.439026, 0
108.462997, 11872.497070, 132.923080, 0
108.564003, 11869.444336, 136.000000, 0
108.665001, 11867.866211, 132.571426, 0
108.765999, 11863.217773, 132.626511, 0
108.866997, 11860.299805, 135.619049, 0
108.968002, 11855.678711, 135.619049, 0
109.069000, 11848.277344, 140.641968, 0
109.169998, 11837.018555, 139.199997, 0
109.271004, 11827.223633, 134.243896, 0
109.372002, 11818.020508, 130.976746, 0
109.473000, 11814.619141, 135.619049, 0
109.573997, 11809.782227, 132.517654, 0
109.675003, 11805.519531, 143.238098, 0
109.776001, 11800.631836, 149.853653, 0
109.876999, 11795.111328, 146.285721, 0
109.977997, 11791.390625, 146.070587, 0
110.079002, 11788.653320, 139.636368, 0
110.180000, 11788.164062, 141.241379, 0
110.280998, 11783.639648, 136.439560, 0
110.382004, 11778.510742, 134.881714, 0
110.483002, 11772.973633, 136.170212, 0
110.584000, 11770.190430, 140.387100, 0
110.684998, 11764.333984, 141.763443, 0
110.786003, 11757.859375, 153.011490, 0
110.887001, 11752.034180, 149.333328, 0
110.987999, 11745.537109, 155.325836, 0
111.088997, 11738.057617, 154.181824, 0
111.190002, 11733.177734, 143.644440, 0
111.291000, 11727.562500, 146.488892, 0
111.391998, 11721.632812, 145.066666, 0
111.492996, 11718.751953, 142.222229, 0
111.594002, 11716.805664, 146.285721, 0
111.695000, 11712.986328, 144.340424, 0
111.795998, 11708.525391, 141.333328, 0
111.897003, 11702.195312, 142.821060, 0
111.998001, 11695.356445, 137.142853, 0
112.098999, 11689.437500, 138.343430, 0
112.199997, 11685.279297, 140.000000, 0
112.301003, 11681.726562, 133.224487, 0
112.402000, 11677.333008, 130.534653, 0
112.502998, 11673.538086, 131.801987, 0
112.603996, 11669.993164, 131.728149, 0
112.705002, 11664.462891, 132.923080, 0
112.806000, 11658.607422, 134.336639, 0
112.906998, 11654.880859, 137.237106, 0
113.008003, 11650.078125, 131.801987, 0
113.109001, 11645.292969, 130.509811, 0
113.209999, 11640.885742, 137.050507, 0
113.310997, 11634.885742, 139.636368, 0
113.412003, 11631.946289, 138.138611, 0
113.513000, 11630.283203, 139.520004, 0
113.613998, 11626.814453, 136.871292, 0
113.714996, 11623.483398, 134.153839, 0
113.816002, 11617.051758, 134.274506, 0
113.917000, 11607.665039, 135.529419, 0
114.017998, 11602.192383, 135.245285, 0
114.119003, 11594.891602, 131.490906, 0
114.220001, 11588.612305, 132.654541, 0
114.320999, 11584.714844, 131.459457, 0
114.421997, 11579.428711, 124.689651, 0
114.523003, 11577.011719, 129.122803, 0
114.624001, 11579.677734, 126.867256, 0
114.724998, 11579.974609, 128.000000, 0
114.825996, 11578.862305, 125.793106, 0
114.927002, 11574.929687, 124.631577, 0
115.028000, 11569.996094, 121.263161, 0
115.128998, 11561.168945, 121.435898, 0
115.230003, 11553.453125, 119.247864, 0
115.331001, 11547.514648, 125.734512, 0
115.431999, 11543.094727, 122.434784, 0
115.532997, 11540.100586, 120.208694, 0
115.634003, 11537.209961, 125.672729, 0
115.735001, 11533.230469, 121.203537, 0
115.835999, 11528.235352, 116.965515, 0
115.936996, 11518.622070, 115.965813, 0
116.038002, 11513.447266, 119.322037, 0
116.139000, 11509.730469, 120.406776, 0
116.239998, 11504.062500, 111.483871, 0
116.341003, 11497.946289, 111.213112, 0
116.442001, 11493.328125, 113.548386, 0
116.542999, 11487.877930, 114.471542, 0
116.643997, 11482.909180, 115.409836, 0
116.745003, 11479.851562, 117.333336, 0
116.846001, 11475.449219, 113.430893, 0
116.946999, 11470.702148, 119.466667, 0
117.047997, 11466.241211, 119.466667, 0
117.149002, 11461.696289, 118.557381, 0
117.250000, 11456.658203, 120.470589, 0
117.350998, 11452.083984, 122.434784, 0
117.452003, 11445.923828, 126.867256, 0
117.553001, 11440.297852, 123.469025, 0
117.653999, 11435.225586, 128.000000, 0
117.754997, 11431.588867, 122.336281, 0
117.856003, 11428.174805, 119.322037, 0
117.957001, 11423.695312, 118.319328, 0
118.057999, 11419.177734, 115.409836, 0
118.158997, 11415.538086, 112.639999, 0
118.260002, 11411.364258, 109.858269, 0
118.361000, 11407.336914, 112.761902, 0
118.461998, 11401.119141, 113.777779, 0
118.563004, 11396.512695, 113.343513, 0
118.664001, 11388.818359, 110.545456, 0
118.764999, 11385.041016, 110.545456, 0
118.865997, 11381.698242, 113.343513, 0
118.967003, 11379.539062, 109.292305, 0
119.068001, 11376.025391, 107.636360, 0
119.168999, 11371.523437, 111.761192, 0
119.269997, 11367.845703, 112.246155, 0
119.371002, 11364.681641, 112.000000, 0
119.472000, 11361.691406, 112.124031, 0
119.572998, 11356.177734, 114.793648, 0
119.674004, 11351.419922, 114.471542, 0
119.775002, 11342.531250, 124.773109, 0
119.875999, 11338.195312, 122.754097, 0
119.976997, 11332.404297, 120.533333, 0
120.078003, 11327.509766, 118.400002, 0
120.179001, 11322.883789, 115.409836, 0
120.279999, 11320.865234, 116.459015, 0
120.380997, 11317.773437, 114.247932, 0
120.482002, 11313.466797, 113.311478, 0
120.583000, 11308.412109, 109.858269, 0
120.683998, 11305.429687, 114.897636, 0
120.785004, 11303.742187, 116.645164, 0
120.886002, 11300.635742, 115.000000, 0
120.987000, 11295.884766, 113.777779, 0
121.087997, 11290.826172, 112.516129, 0
121.189003, 11284.353516, 118.709679, 0
121.290001, 11280.250000, 113.000000, 0
121.390999, 11274.968750, 109.000000, 0
121.491997, 11267.672852, 110.276924, 0
121.593002, 11262.365234, 116.000000, 0
121.694000, 11255.288086, 119.000000, 0
121.794998, 11249.703125, 119.873016, 0
121.896004, 11243.612305, 113.230766, 0
121.997002, 11236.125977, 115.199997, 0
122.098000, 11231.879883, 122.920631, 0
122.198997, 11228.210937, 115.393936, 0
122.300003, 11222.811523, 112.000000, 0
122.401001, 11220.750000, 110.376808, 0
122.501999, 11218.608398, 112.941177, 0
122.602997, 11215.079102, 110.628571, 0
122.704002, 11212.500000, 106.366196, 0
122.805000, 11205.021484, 111.058823, 0
122.905998, 11198.257812, 107.885712, 0
123.007004, 11195.006836, 108.521736, 0
123.108002, 11191.619141, 107.885712, 0
123.209000, 11187.125000, 107.267609, 0
123.309998, 11184.937500, 109.070419, 0
123.411003, 11181.498047, 111.304344, 0
123.512001, 11174.900391, 112.231888, 0
123.612999, 11171.037109, 106.666664, 0
123.713997, 11165.654297, 107.267609, 0
123.815002, 11161.428711, 106.057144, 0
123.916000, 11160.377930, 103.314285, 0
124.016998, 11157.589844, 102.400002, 0
124.117996, 11152.860352, 103.314285, 0
124.219002, 11149.188477, 103.314285, 0
124.320000, 11145.232422, 103.111115, 0
124.420998, 11142.282227, 104.888885, 0
124.522003, 11137.372070, 107.267609, 0
124.623001, 11130.958984, 110.628571, 0
124.723999, 11126.369141, 109.971832, 0
124.824997, 11118.262695, 113.159424, 0
124.926003, 11113.260742, 112.676056, 0
125.027000, 11109.264648, 112.432434, 0
125.127998, 11104.070312, 111.567566, 0
125.228996, 11099.420898, 110.702705, 0
125.330002, 11095.435547, 107.243240, 0
125.431000, 11090.319336, 111.111115, 0
125.531998, 11086.512695, 110.628571, 0
125.633003, 11080.709961, 109.070419, 0
125.734001, 11075.737305, 107.243240, 0
125.834999, 11068.490234, 106.958900, 0
125.935997, 11065.071289, 102.918922, 0
126.037003, 11058.691406, 102.054054, 0
126.138000, 11050.474609, 103.783783, 0
126.238998, 11043.902344, 101.052635, 0
126.339996, 11038.862305, 98.835442, 0
126.441002, 11036.295898, 101.743591, 0
126.542000, 11034.393555, 105.263161, 0
126.642998, 11030.168945, 106.105263, 0
126.744003, 11026.854492, 103.384613, 0
126.845001, 11025.555664, 103.384613, 0
126.945999, 11023.994141, 99.645569, 0
127.046997, 11020.638672, 97.975311, 0
127.148003, 11013.514648, 98.341461, 0
127.249001, 11005.796875, 102.243904, 0
127.349998, 10998.155273, 103.804878, 0
127.450996, 10990.206055, 104.296295, 0
127.552002, 10982.102539, 104.800003, 0
127.653000, 10976.250000, 106.400002, 0
127.753998, 10971.795898, 105.086418, 0
127.855003, 10967.333008, 102.075951, 0
127.956001, 10962.690430, 108.307693, 0
128.057007, 10958.475586, 105.316452, 0
128.158005, 10954.038086, 97.882355, 0
128.259003, 10949.241211, 101.012047, 0
128.360001, 10945.543945, 101.925926, 0
128.460999, 10941.362305, 100.682930, 0
128.561996, 10937.989258, 102.400002, 0
128.662994, 10936.829102, 100.682930, 0
128.764008, 10932.874023, 99.121948, 0
128.865005, 10925.782227, 99.809525, 0
128.966003, 10920.775391, 102.243904, 0
129.067001, 10913.895508, 97.488373, 0
129.167999, 10907.353516, 98.976746, 0
129.268997, 10902.500977, 100.465118, 0
129.369995, 10898.978516, 101.517242, 0
129.470993, 10893.997070, 102.697678, 0
129.572006, 10889.881836, 107.162788, 0
129.673004, 10886.280273, 106.909088, 0
129.774002, 10880.217773, 104.087914, 0
129.875000, 10874.397461, 105.244446, 0
129.975998, 10868.875000, 101.565216, 0
130.076996, 10865.560547, 103.225807, 0
130.177994, 10865.337891, 102.260872, 0
130.279007, 10864.027344, 105.244446, 0
130.380005, 10861.658203, 107.604393, 0
130.481003, 10857.588867, 107.354836, 0
130.582001, 10852.243164, 103.489365, 0
130.682999, 10846.884766, 105.531914, 0
130.783997, 10843.489258, 103.587631, 0
130.884995, 10840.069336, 106.226807, 0
130.985992, 10834.809570, 107.546394, 0
131.087006, 10830.715820, 112.172043, 0
131.188004, 10828.633789, 109.419357, 0
131.289001, 10823.529297, 110.795700, 0
131.389999, 10816.208984, 109.913040, 0
131.490997, 10811.138672, 108.255318, 0
131.591995, 10805.704102, 105.795921, 0
131.692993, 10799.276367, 107.115791, 0
131.794006, 10793.345703, 108.000000, 0
131.895004, 10789.656250, 105.567009, 0
131.996002, 10786.105469, 104.907219, 0
132.097000, 10782.196289, 102.927834, 0
132.197998, 10777.505859, 101.877548, 0
132.298996, 10773.345703, 102.927834, 0
132.399994, 10768.368164, 100.848488, 0
132.501007, 10762.482422, 106.000000, 0
132.602005, 10757.189453, 105.142860, 0
132.703003, 10757.319336, 107.115791, 0
132.804001, 10755.340820, 103.040001, 0
132.904999, 10751.664062, 102.901962, 0
133.005997, 10748.651367, 101.538460, 0
133.106995, 10743.268555, 101.281555, 0
133.207993, 10734.932617, 99.018867, 0
133.309006, 10727.573242, 99.555557, 0
133.410004, 10721.273437, 99.555557, 0
133.511002, 10716.144531, 101.084114, 0
133.612000, 10709.733398, 99.816513, 0
133.712997, 10705.094727, 98.327271, 0
133.813995, 10699.814453, 96.283188, 0
133.914993, 10696.132812, 98.285713, 0
134.016006, 10691.035156, 98.018021, 0
134.117004, 10688.351562, 96.283188, 0
134.218002, 10683.345703, 96.000000, 0
134.319000, 10679.702148, 94.085472, 0
134.419998, 10674.589844, 91.428574, 0
134.520996, 10670.162109, 91.199997, 0
134.621994, 10665.762695, 90.016258, 0
134.723007, 10662.568359, 87.741936, 0
134.824005, 10658.824219, 87.181099, 0
134.925003, 10654.242187, 87.873016, 0
135.026001, 10650.234375, 90.112000, 0
135.126999, 10646.500977, 90.838707, 0
135.227997, 10641.022461, 89.904762, 0
135.328995, 10633.563477, 88.500000, 0
135.429993, 10627.852539, 92.387100, 0
135.531006, 10622.030273, 91.936508, 0
135.632004, 10615.902344, 90.870232, 0
135.733002, 10610.869141, 89.022560, 0
135.834000, 10604.414062, 88.060150, 0
135.934998, 10600.348633, 86.616539, 0
136.035995, 10594.376953, 88.358208, 0
136.136993, 10592.331055, 89.599998, 0
136.238007, 10590.783203, 89.125923, 0
136.339005, 10587.127930, 89.599998, 0
136.440002, 10584.319336, 89.125923, 0
136.541000, 10581.164062, 87.314285, 0
136.641998, 10577.059570, 88.228569, 0
136.742996, 10572.750977, 87.720284, 0
136.843994, 10567.779297, 88.228569, 0
136.945007, 10560.633789, 87.942444, 0
137.046005, 10554.233398, 86.377625, 0
137.147003, 10549.470703, 85.633804, 0
137.248001, 10541.380859, 86.825172, 0
137.348999, 10535.241211, 85.627586, 0
137.449997, 10527.840820, 84.462585, 0
137.550995, 10521.234375, 84.344368, 0
137.651993, 10512.424805, 84.897957, 0
137.753006, 10503.344727, 83.591835, 0
137.854004, 10495.035156, 85.041100, 0
137.955002, 10490.129883, 84.756760, 0
138.056000, 10487.925781, 85.333336, 0
138.156998, 10484.710937, 84.756760, 0
138.257996, 10481.943359, 83.920532, 0
138.358994, 10481.390625, 82.526314, 0
138.460007, 10482.995117, 81.121017, 0
138.561005, 10483.029297, 81.121017, 0
138.662003, 10481.977539, 82.051285, 0
138.763000, 10483.375000, 82.285713, 0
138.863998, 10476.285156, 81.038963, 0
138.964996, 10467.863281, 81.986931, 0
139.065994, 10458.787109, 80.103226, 0
139.167007, 10451.008789, 81.038963, 0
139.268005, 10440.662109, 81.599998, 0
139.369003, 10433.874023, 80.490799, 0
139.470001, 10428.952148, 79.312881, 0
139.570999, 10428.507812, 78.527611, 0
139.671997, 10430.854492, 77.742332, 0
139.772995, 10429.178711, 76.246910, 0
139.873993, 10425.587891, 77.432098, 0
139.975006, 10420.517578, 79.490448, 0
140.076004, 10414.166016, 82.167740, 0
140.177002, 10407.463867, 82.051285, 0
140.278000, 10402.585937, 83.723274, 0
140.378998, 10397.005859, 83.199997, 0
140.479996, 10389.956055, 82.061348, 0
140.580994, 10381.913086, 83.080742, 0
140.682007, 10372.197266, 83.875778, 0
140.783005, 10368.329102, 83.512192, 0
140.884003, 10367.277344, 83.875778, 0
140.985001, 10367.035156, 86.278481, 0
141.085999, 10366.519531, 86.540878, 0
141.186996, 10363.444336, 88.150940, 0
141.287994, 10359.125977, 84.945457, 0
141.389008, 10355.310547, 85.987732, 0
141.490005, 10350.026367, 85.853661, 0
141.591003, 10342.958984, 83.902435, 0
141.692001, 10334.850586, 81.904762, 0
141.792999, 10328.253906, 81.523811, 0
141.893997, 10322.650391, 82.285713, 0
141.994995, 10316.967773, 82.778442, 0
142.095993, 10308.237305, 81.523811, 0
142.197006, 10303.227539, 80.000000, 0
142.298004, 10299.913086, 80.277458, 0
142.399002, 10295.742187, 79.360001, 0
142.500000, 10294.254883, 78.545456, 0
142.600998, 10290.492187, 78.628571, 0
142.701996, 10286.396484, 79.816093, 0
142.802994, 10284.590820, 80.744186, 0
142.904007, 10284.508789, 80.842102, 0
143.005005, 10280.842773, 81.017342, 0
143.106003, 10277.469727, 80.822861, 0
143.207001, 10273.820312, 81.188568, 0
143.307999, 10270.044922, 80.632767, 0
143.408997, 10264.633789, 81.258430, 0
143.509995, 10257.739258, 83.163841, 0
143.610992, 10252.480469, 82.133331, 0
143.712006, 10247.003906, 83.748573, 0
143.813004, 10241.084961, 83.636360, 0
143.914001, 10230.484375, 84.229881, 0
144.014999, 10224.318359, 83.748573, 0
144.115997, 10220.007812, 84.597702, 0
144.216995, 10215.320312, 84.610168, 0
144.317993, 10208.770508, 85.826591, 0
144.419006, 10201.175781, 84.494385, 0
144.520004, 10195.433594, 82.285713, 0
144.621002, 10191.067383, 82.386742, 0
144.722000, 10191.608398, 83.664803, 0
144.822998, 10192.791016, 82.386742, 0
144.923996, 10188.734375, 81.679558, 0
145.024994, 10184.857422, 81.679558, 0
145.126007, 10180.286133, 82.133331, 0
145.227005, 10171.754883, 81.679558, 0
145.328003, 10162.536133, 81.777779, 0
145.429001, 10157.507812, 79.483871, 0
145.529999, 10153.847656, 78.978722, 0
145.630997, 10147.508789, 77.473686, 0
145.731995, 10140.653320, 77.738220, 0
145.832993, 10135.416016, 77.666664, 0
145.934006, 10133.916016, 78.590675, 0
146.035004, 10128.618164, 79.175255, 0
146.136002, 10123.375977, 78.693878, 0
146.237000, 10119.343750, 77.185928, 0
146.337997, 10113.964844, 77.120003, 0
146.438995, 10107.934570, 77.691544, 0
146.539993, 10105.331055, 78.646767, 0
146.641006, 10102.306641, 79.269035, 0
146.742004, 10095.671875, 80.080399, 0
146.843002, 10092.208984, 79.283585, 0
146.944000, 10086.673828, 78.574257, 0
147.044998, 10081.379883, 79.601990, 0
147.145996, 10076.532227, 77.669907, 0
147.246994, 10072.129883, 76.985504, 0
147.348007, 10064.735352, 75.885712, 0
147.449005, 10059.586914, 75.169815, 0
147.550003, 10055.138672, 75.117371, 0
147.651001, 10050.845703, 74.867928, 0
147.751999, 10046.097656, 73.227905, 0
147.852997, 10041.285156, 72.513763, 0
147.953995, 10037.735352, 72.072075, 0
148.054993, 10036.128906, 72.145454, 0
1